[ 1.         76.930286    1.80683067  9.59748785]
y_model = [2.25712793e-01 7.03892881e-01 1.91468354e+00 4.52055627e+00
 9.55319214e+00 1.78601447e+01 3.17618958e+01 4.67823722e+01
 6.69834557e+01 8.94034335e+01 1.12236635e+02 1.38292597e+02
 1.62704899e+02 1.87191420e+02 2.10979451e+02 2.34687321e+02
 2.57983998e+02 2.80876856e+02 3.03074164e+02 3.25193924e+02
 3.67459528e+02 4.09188874e+02 4.49293673e+02]
12.645681063268745
[ 0.56218838  0.43564946 78.91699449 75.59117332  2.00167126  1.26410899
  9.97817251]
y_model = [9.84665967e-02 4.55687184e-01 1.63720771e+00 4.56999882e+00
 1.04417337e+01 1.97184653e+01 3.38977901e+01 4.80007569e+01
 6.61308123e+01 8.62055675e+01 1.07293986e+02 1.32506190e+02
 1.57215237e+02 1.82824136e+02 2.08219911e+02 2.33811492e+02
 2.59089558e+02 2.83981071e+02 3.08133761e+02 3.32207401e+02
 3.78209464e+02 4.23628327e+02 4.67279025e+02]
0.5984534167983796
[ 0.31564495  0.62957945  0.82010601 74.74591725 80.04438644 76.74005174
  1.02455659  1.96294223  1.35190734 10.03372335]
y_model = [7.57337382e-02 4.28798948e-01 1.68028266e+00 4.74296703e+00
 1.05996775e+01 1.96096894e+01 3.35755652e+01 4.78691996e+01
 6.64613251e+01 8.68272438e+01 1.07811731e+02 1.32565981e+02
 1.56780901e+02 1.82035997e+02 2.07301681e+02 2.32956311e+02
 2.58426437e+02 2.83577115e+02 3.08012331e+02 3.32379653e+02
 3.78951748e+02 4.24935140e+02 4.69128471e+02]
0.3520321641874244
[7.01708982e-01 3.51909327e-01 9.14384356e-01 4.54577785e-03
 8.00448946e+01 7.47459749e+01 7.67402379e+01 1.08458173e+02
 1.96271811e+00 1.02457033e+00 1.35196780e+00 6.12128453e-01
 1.00453045e+01]
y_model = [7.57340161e-02 4.28798614e-01 1.68028052e+00 4.74296809e+00
 1.05996883e+01 1.96096947e+01 3.35755414e+01 4.78691743e+01
 6.64613441e+01 8.68273074e+01 1.07811787e+02 1.32565976e+02
 1.56780840e+02 1.82035916e+02 2.07301618e+02 2.32956280e+02
 2.58426434e+02 2.83577130e+02 3.08012354e+02 3.32379678e+02
 3.78951772e+02 4.24935160e+02 4.69128487e+02]
0.35203216240993657
[4.61607708e-03 4.59046628e-03 2.12913017e-01 4.24399955e-01
 5.52979354e-01 1.04934710e+02 9.54308844e+01 7.47461603e+01
 8.00449378e+01 7.67404489e+01 1.98898470e+00 4.89649530e-01
 1.02462697e+00 1.96272415e+00 1.35192054e+00 1.00724535e+01]
y_model = [7.57358239e-02 4.28799362e-01 1.68027094e+00 4.74295287e+00
 1.05996985e+01 1.96097303e+01 3.35755478e+01 4.78691408e+01
 6.64613042e+01 8.68272989e+01 1.07811810e+02 1.32566009e+02
 1.56780863e+02 1.82035920e+02 2.07301606e+02 2.32956260e+02
 2.58426412e+02 2.83577111e+02 3.08012340e+02 3.32379671e+02
 3.78951778e+02 4.24935180e+02 4.69128520e+02]
0.3520321645015153
[1 2 3 4 5] [12.64568106  0.59845342  0.35203216  0.35203216  0.35203216]
[ 1.         98.26110926  0.81570352]
[2.00583513e-202 1.32420733e-190 2.70197022e-179 3.47795859e-168
 1.41457798e-157 3.27716288e-146 2.87828792e-137 1.40845920e-127
 2.27615895e-118 7.25354365e-110 9.09840710e-101 1.30139210e-092
 1.06306767e-084 3.03096994e-077 4.82744646e-070 3.37621290e-063
 1.03685663e-056 1.16179762e-050 6.95668688e-045 1.33780828e-034
 1.61418673e-025]
132.28792674860824
[ 0.5         0.5        66.01155526 28.82424531  0.25996762  4.67983133]
[8.14382808e-22 1.78233896e-22 3.88533906e-23 8.09132220e-24
 1.67949412e-24 2.85192159e-25 6.57774880e-26 1.24029670e-26
 2.33413148e-27 4.59844580e-28 7.32859497e-29 1.28123449e-29
 2.13341685e-30 3.55143597e-31 5.62703940e-32 8.69554855e-33
 1.31055447e-33 1.97733075e-34 2.83573914e-35 5.86877478e-37
 1.01528798e-38]
132.28792674860824
